-4 -4 -4 -4 -4 -4 -4 -4 -4 -4 -4 -4 -4 -4 -4 -4 -4 -4 -4 -4 -4 -4 -4 -4 -4 -4 -4 -4 -4 -4
-4 00 01 02 03 -4 04 05 -1 06 07 08 -4 09 10 -1 -1 11 12 13 14 15 16 17 18 19 20 21 22 -4
-4 -4 23 -4 24 25 26 27 28 29 30 31 -4 32 33 -1 -1 34 35 36 37 38 39 40 41 42 43 44 45 -4
-4 -4 46 -4 -4 -4 -2 -4 -4 -4 -4 47 48 -4 -4 -4 -4 -4 -4 -4 -4 -4 -4 -4 -4 -4 -4 -4 49 -4
-4 -4 50 -4 51 52 53 54 55 56 -4 57 58 -4 -1 59 60 61 62 63 64 65 66 67 68 69 70 71 72 -4
-4 -4 73 -4 74 75 76 77 78 79 -4 80 -4 -4 -4 -4 -4 -4 -4 -4 -4 -4 -4 -4 -4 -4 -4 81 82 -4
-4 -4 83 -4 84 85 86 87 88 89 -4 90 91 92 -4 93 94 -3 95 96 -3 97 98 99 100 -4 101 -4 102 103 -4 104 -4
-4 -4 105 -2 106 107 -4 -4 108 109 -4 110 -4 111 -4 112 113 -3 114 115 116 117 118 119 -4 120 -4 121 -4
-4 -4 -4 -4 122 123 124 125 126 127 -4 128 -4 129 130-4 131 -3 -3 132 133 -3 -3 134 135 -4 -4 -4 -4 -4
-4 136 137 -4 -4 -4 -4 -4 -4 -4 -4 138 -4 139 -2 140 141 142 143 144 145 146 -3 147 -2 148 149 -1 -1 -4
-4 -4 -4 150 151 152 153 154 155 156 -1 157 -4 158 -4 159 -3 -3 -3 160 161 162 -3 163 -4 -1 164 165 -4
-4 166 -4 167 168 169 -4 170 171 172 173 174 -4 175 -4 176 177 178 179 -3 180 -3 -3 -3 181 -4 182 183 184 -4
-4 185 -4 -4 -4 -4 -4 -4 -4 -4 186 187 188 189 -4 190 191 193 -3 194 195 196 197 198 -4 199 -4 -4 -4 -4
-4 200 201 202 203 204 205 206 207 208 209 210 -1 211 -4 212 -3 -3 -3 213 214 215 216 217 -4 218 219 220 -4
-4 -4 -4 -4 -4 -2 -4 -4 -4 -4 221 -4 222 -4 -4 -4 223 224 225 226 227 228 229 230 231 -4 -4 -4 232 -4
-4 233 234 235 236 237 238 239 240 -4 241 -4 242 243 244 -4 -4 -4 -4 -4 -4 -4 -4 -4 -4 245 246 247 -4
-4 248 249 250 251 252 -3 -3 253 -4 254 -4 255 256 257 258 259 260 -4 261 262 263 264 -4 265 266 267 -4 -4 -4
-4 268 269 270 271 272 273 -3 274 -4 -4 -4 -4 -4 -4 -4 275 276 -4 277 278 -4 279 280 281 -4 282 283 284 -4
-4 -3 -3 -3 285 286 287 288 289 -4 290 291 -4 292 293 294 295 296 -4 297 298 -4 -4 -4 -4 -4 -4 -4 299 -4
-4 300 301 302 303 304 305 306 307 -4 308 309 310 311 312 313 -4 -4 -4 -4 -4 -4 314 315 316 317 318 -4 319 -4
-4 320 321 322 323 324 -3 -3 -3 -3 -4 325 326 -4 327 328 329 330 331 -4 332 323 -4 324 -4 -4 -4 325 -4 326 -4
-4 327 328 329 330 -3 331 332 333 -4 -4 -4 -4 -4 334 -1 335 -4 336 337 -4 338 -4 -1 -4 339 -4 340 -4
-4 341 342 343 344 -3 -3 -3 345 -4 346 347 348 349 350 351 352 353 -4 354 355 -4 356 357 358 -4 359 -4 360 -4
-4 -3 -3 -3 361 362 363 364 365 -4 367 -4 368 369 370 371 372 373 -4 374 375 -4 -4 -4 -4 -4 376 -4 377 -4
-4 378 379 -3 380 381 382 383 384 -4 -4 -4 -4 -4 -4 385 386 387 388 389 390 391 392 393 394 395 396 -4 397 -4
-4 398 399 -3 400 401 402 403 404 -4 405 406 -1 -4 407 408 409 -4 410 411 -4 -4 -4 -4 -4 -4 -4 -4 412 -4 
-4 413 414 415 416 417 418 419 420 -2 421 422 -4 -4 -4 423 -4 -4 -4 -4 424 425 426 427 428 429 430 431 432 -4
-4 433 434 435 436 437 438 439 440 -4 441 -1 442 443 -4 444 445 -4 446 447 448 -1 -4 449 -4 450 -4 -1 451 -4
-4 452 453 454 455 456 457 458 459 -4 460 461 462 463 464 465 466 -4 467 468 469 470 471 472 473 474 475 475 476 -4
-4 -4 -4 -4 -4 -4 -4 -4 -4 -4 -4 -4 -4 -4 -4 -4 -4 -4 -4 -4 -4 -4 -4 -4 -4 -4 -4 -4 -4 -4