-04 -04 -04 -04 -04 -04 -04 -04 -04 -04 -04 -04 -04 -04 -04 -04 -04 -04 -04 -04 -04 -04 -04 -04 -04 -04 -04 -04 -04 -04
-04 000 001 002 003 -04 004 005 -01 006 007 008 -04 009 010 -01 -01 011 012 013 014 015 016 017 018 019 020 021 022 -04
-04 -01 023 -04 024 025 026 027 028 029 030 031 -04 032 033 -01 -01 034 035 036 037 038 039 040 041 042 043 044 045 -04
-04 -01 046 -04 -04 -04 -02 -04 -04 -04 -04 047 048 -04 -04 -04 -04 -04 -04 -04 -04 -04 -04 -04 -04 -04 -04 -04 049 -04
-04 -01 050 -04 051 052 053 054 055 056 -04 057 058 -01 -01 059 060 061 062 063 064 065 066 067 068 069 070 071 072 -04
-04 -01 073 -04 074 075 076 077 078 079 -04 080 -04 -04 -04 -04 -04 -04 -04 -04 -04 -04 -04 -04 -04 -04 -04 081 082 -04
-04 -01 083 -04 084 085 086 087 088 089 -04 090 091 092 -04 093 094 -03 095 096 096 097 098 099 -04 100 101 -04 102 -04
-04 -01 103 -02 104 105 -04 -04 106 107 -04 108 -04 109 -04 110 111 -03 112 113 114 115 116 117 -04 118 119 120 121 -04
-04 -04 -04 -04 122 123 124 125 126 127 -04 128	129 -04 -04 130 131 -03 132 133 134 135 -03 -03 -04 136 -04 -04 -04 -04 
-04 137 138 -04 -04 -04 -04 -04 -04 -04 -04 139 -04 140 -02 141 142 143 144 145 146 147 -03 148 -02 149 150 -01 -01 -04
-04 -04 151 152 153 154 155 156 157 158 -01 159 -04 160 -04 161 -03 -03 -03 162 163 164 -03 165 -04 -01 166 167 -04 -04
-04 168 -04 169 170 171 -04 172 173 174 175 176 -04 177 -04 178 179 180 -03 181 -03 -03 -03 182 -04 183 184 185 186 -04
-04 187 -04 -04 -04 -04 -04 -04 -04 -04 188 189 190 191 -04 192 193 194 -03 195 196 197 198 199 -04 200 -04 -04 201 -04
-04 202 203 204 205 206 207 208 209 210 211 212 213 -01 -04 214 -03 -03 -03 215 216 217 218 219 -04 220 221 222 223 -04
-04 -04 -04 -04 -04 -02 -04 -04 -04 -04 224 -04 225 -04 -04 226 227 228 229 230 231 232 233 234 -04 -04 -04 -04 235 -04
-04 236 237 238 239 240 241 242 243 -04 244 -04 245 246 -04 -04 -04 -04 -04 -04 -04 -04 -04 -04 -04 247 248 249 250 -04
-04 251 252 253 254 255 -03 -03 256 -04 257 -04 258 259 260 261 262 263 -04 264 265 266 267 -04 268 269 270 -04 -04 -04
-04 271 272 273 274 275 276 -03 277 -04 -04 -04 -04 -04 -04 -04 278 279 280 281 282 -04 283 284 285 -04 286 287 288 -04
-04 -03 -03 -03 289 290 291 292 293 -04 294 295 -04 296 297 298 299 300 -04 301 302 -04 -04 -04 -04 -04 -04 -04 303 -04
-04 304 305 306 307 308 309 310 311 -04 312 313 314 315 316 317 -04 -04 -04 -04 -04 318 319 320 321 322 323 -04 324 -04
-04 325 326 327 328 -03 -03 -03 -03 -04 -04 329 330 -04 331 332 333 334 335 -04 -04 336 -04 -04 -04 337 338 -04 339 -04
-04 340 341 342 343 -03 344 345 346 -04 -04 -04 -04 -04 347 -01 348 -04 349 350 -04 351 -04 -01 -04 352 353 -04 354 -04
-04 355 356 357 358 -03 -03 -03 359 -04 360 361 362 363 364 365 366 367 -04 368 -04 369 370 371 -04 372 373 -04 374 -04
-04 -03 -03 -03 375 376 377 378 379 -04 380 -04 381 382 383 384 385 386 -04 387 388 -04 -04 -04 -04 -04 389 -04 390 -04
-04 391 392 -03 393 394 395 396 397 -04 -04 -04 -04 -04 -04 398 399 400 401 402 403 404 405 406 407 408 409 -04 410 -04
-04 411 412 -03 413 414 415 416 417 -04 418 419 -01 -04 420 421 422 -04 423 424 -04 -04 -04 -04 -04 -04 -04 -04 425 -04 
-04 426 427 428 429 430 431 432 433 -02 434 435 -04 -04 -04 436 -04 -04 -04 -04 437 438 439 440 441 442 443 444 445 -04
-04 446 447 448 449 450 451 452 453 -04 454 -01 455 456 -04 457 458 -04 459 460 461 -01 -04 462 -04 463 -04 -01 464 -04
-04 465 466 467 468 469 470 471 472 -04 473 474 475 476 477 478 479 -04 480 481 482 483 484 485 486 487 488 489 490 -04
-04 -04 -04 -04 -04 -04 -04 -04 -04 -04 -04 -04 -04 -04 -04 -04 -04 -04 -04 -04 -04 -04 -04 -04 -04 -04 -04 -04 -04 -04